0,000000e+000 0,000000e+000 
5,000000e-002 4,997917e-002 
1,000000e-001 9,983342e-002 
1,500000e-001 1,494381e-001 
2,000000e-001 1,986693e-001 
2,500000e-001 2,474040e-001 
3,000000e-001 2,955202e-001 
3,500000e-001 3,428978e-001 
4,000000e-001 3,894183e-001 
4,500000e-001 4,349655e-001 
5,000000e-001 4,794255e-001 
5,500000e-001 5,226872e-001 
6,000000e-001 5,646425e-001 
6,500000e-001 6,051864e-001 
7,000000e-001 6,442177e-001 
7,500000e-001 6,816388e-001 
8,000000e-001 7,173561e-001 
8,500000e-001 7,512804e-001 
9,000000e-001 7,833269e-001 
9,500000e-001 8,134155e-001 
1,000000e+000 8,414710e-001 
